1420934851
1527897354
451047459
373966220
764136300
1882439148
864226981
2091789085
2144882899
359835851
1858772736
1240623888
1905857576
1212499113
796807960
415093539
1912232779
1127562171
316014585
1606793761
217365820
857742703
1904571258
20232968
2119514692
1365589355
1628919169
169433077
1127981021
1300521768
1075652801
1945044051
1739506942
605934246
2126735366
1623014172
821267715
581569669
386171753
1217396504
373397009
2120717104
2134340455
863782905
1465202187
1524433434
808247671
82896731
386424177
171336808
1853891068
244661939
2133706052
955112873
1503469960
260326066
1917245636
836362169
739551980
1054853734
16363046
942883414
1380347331
1854615524
530358501
1337496681
1377240219
267396915
742085871
989556488
1893806853
999756848
1540551431
119451526
194457106
214739940
1718485475
882491283
1853668946
1506065675
1026976876
1450876887
965805938
1076765372
69675644
1227237739
1047759316
18218035
1159666610
1981842548
383554373
700213024
1829505778
39855044
1450900623
1303125356
1292181014
1613890630
1614704120
686972264
1127460081
1559536739
1347309593
1173486763
1809684236
1992054179
1674890285
911960037
58712663
861588666
